23
NULL 0 NULL 0
Joined 0 0,255,0,255,0,0,0,0,0,0 NULL 0 0 0 	# Joined [4a 6f 69 6e 65 64 ]
|Broken|0|1 0 0,255,0,255,0,0,0,0,0,0 NULL 0 0 0 	# Broken
ה 0 0,255,0,255,0,0,0,0,0,0 NULL 0 0 0 	# ה [5d4 ]
ד 0 0,255,0,255,0,0,0,0,0,0 NULL 0 0 0 	# ד [5d3 ]
נ 0 0,255,0,255,0,0,0,0,0,0 NULL 0 0 0 	# נ [5e0 ]
ו 0 0,255,0,255,0,0,0,0,0,0 NULL 0 0 0 	# ו [5d5 ]
ג 0 0,255,0,255,0,0,0,0,0,0 NULL 0 0 0 	# ג [5d2 ]
י 0 0,255,0,255,0,0,0,0,0,0 NULL 0 0 0 	# י [5d9 ]
ם 0 0,255,0,255,0,0,0,0,0,0 NULL 0 0 0 	# ם [5dd ]
׳ד 0 0,255,0,255,0,0,0,0,0,0 NULL 0 0 0 	# ׳ד [5f3 5d3 ]
ט 0 0,255,0,255,0,0,0,0,0,0 NULL 0 0 0 	# ט [5d8 ]
ר 0 0,255,0,255,0,0,0,0,0,0 NULL 0 0 0 	# ר [5e8 ]
א 0 0,255,0,255,0,0,0,0,0,0 NULL 0 0 0 	# א [5d0 ]
פ 0 0,255,0,255,0,0,0,0,0,0 NULL 0 0 0 	# פ [5e4 ]
ל 0 0,255,0,255,0,0,0,0,0,0 NULL 0 0 0 	# ל [5dc ]
ס 0 0,255,0,255,0,0,0,0,0,0 NULL 0 0 0 	# ס [5e1 ]
׳ב 0 0,255,0,255,0,0,0,0,0,0 NULL 0 0 0 	# ׳ב [5f3 5d1 ]
' 0 0,255,0,255,0,0,0,0,0,0 NULL 0 0 0 	# ' [27 ]
ב 0 0,255,0,255,0,0,0,0,0,0 NULL 0 0 0 	# ב [5d1 ]
׳פ 0 0,255,0,255,0,0,0,0,0,0 NULL 0 0 0 	# ׳פ [5f3 5e4 ]
׳ז 0 0,255,0,255,0,0,0,0,0,0 NULL 0 0 0 	# ׳ז [5f3 5d6 ]
ק 0 0,255,0,255,0,0,0,0,0,0 NULL 0 0 0 	# ק [5e7 ]
